query	grouping_confidence	location_confidence	orientation_confidence
scaffold_1518	1.0	1.0	1.0
scaffold_243	0.9232622974058499	0.0173394861782846	0.8356790692120033
scaffold_701	0.5140664961636828	0.0005507724515128431	0.6766169154228856
scaffold_520	0.3586869495596477	0.00013575156977903402	1.0
scaffold_134	0.6551489064865679	1.0	1.0
scaffold_2215	1.0	1.0	1.0
scaffold_824	1.0	1.0	1.0
scaffold_935	1.0	1.0	1.0
scaffold_566	0.8249400479616307	1.0	1.0
scaffold_768	0.6733668341708543	1.0	1.0
scaffold_658	0.6048988285410011	1.0	1.0
scaffold_486	0.437570303712036	0.0009670723066787654	1.0
scaffold_647	1.0	1.0	1.0
scaffold_1894	1.0	1.0	1.0
scaffold_1353	1.0	1.0	1.0
scaffold_936	1.0	1.0	1.0
scaffold_1906	1.0	1.0	1.0
scaffold_2182	1.0	1.0	1.0
scaffold_2079	1.0	1.0	1.0
scaffold_272	0.9692869974601994	0.03396495578556007	0.9939797535661332
scaffold_9	0.6464222563458272	0.0728044370971773	0.9481533803330169
scaffold_327	0.7478991596638656	0.0008036644691811231	0.9415730337078652
scaffold_117	0.39519156096298214	0.07114033950828529	1.0
scaffold_1150	1.0	1.0	1.0
scaffold_1315	0.5	1.0	1.0
scaffold_257	0.5170329670329671	0.000962747749602713	0.9551009564293305
scaffold_1257	0.5574229691876751	1.0	1.0
scaffold_1415	0.7796171753750647	1.0	1.0
scaffold_442	0.7250187828700225	0.0012513437356954553	0.8538860103626943
scaffold_746	0.970652650021901	1.0	1.0
scaffold_1350	1.0	1.0	1.0
scaffold_1701	1.0	0.0010441847060137194	0.7254335260115607
scaffold_732	0.4464	1.0	1.0
scaffold_799	1.0	1.0	1.0
scaffold_62	0.6450789736330635	1.0	0.999404624227939
scaffold_565	0.5460385438972163	1.0	1.0
scaffold_777	1.0	1.0	1.0
scaffold_873	1.0	1.0	1.0
scaffold_1500	1.0	1.0	1.0
scaffold_957	0.6031746031746031	1.0	1.0
scaffold_392	1.0	1.0	1.0
scaffold_1206	0.6375344986200552	0.0009004736257382129	0.8672438672438673
scaffold_500	0.7272727272727273	1.0	1.0
scaffold_400	0.7228606607839113	0.0033186142936415444	0.8474095102909865
scaffold_1598	1.0	1.0	1.0
scaffold_1225	1.0	1.0	1.0
scaffold_5	0.735259595660425	0.11506583577964327	0.9996568547003446
scaffold_1933	1.0	0.000564663158127828	0.6143790849673203
scaffold_363	0.8972222222222223	0.0021097597617212504	1.0
scaffold_1618	1.0	1.0	1.0
scaffold_145	0.8400161184096503	0.11386730898332949	0.7238341354213412
scaffold_21	0.4690838126540674	0.15431288313945069	0.5629766336138133
scaffold_1367	1.0	1.0	1.0
scaffold_663	1.0	0.6307692307692307	0.5934959349593496
scaffold_530	1.0	1.0	1.0
scaffold_1821	1.0	1.0	1.0
scaffold_1503	1.0	1.0	1.0
scaffold_323	0.9644970414201184	0.09207147992194721	0.596207473508087
scaffold_601	1.0	1.0	1.0
scaffold_524	1.0	1.0	1.0
scaffold_1510	1.0	1.0	1.0
scaffold_3	0.7254367078653513	1.0	1.0
scaffold_728	0.6657458563535912	1.0	1.0
scaffold_496	0.9415470125057898	1.0	1.0
scaffold_1858	1.0	1.0	1.0
scaffold_567	0.9245094112935522	1.0	1.0
scaffold_36	0.6575883575883575	1.0	1.0
scaffold_242	0.4499918624885762	0.011455396966283003	0.9976073892722012
scaffold_1011	1.0	1.0	1.0
scaffold_164	0.9246522873626505	0.11033335237659964	1.0
scaffold_16	0.7478831780402236	0.18282046318568682	1.0
scaffold_67	0.8714045134724554	0.5441692749860352	1.0
scaffold_869	1.0	1.0	1.0
scaffold_246	0.996411724867222	0.8901685631793478	1.0
scaffold_389	0.590620592383639	0.0026693340529468385	1.0
scaffold_189	0.6357246376811594	0.002445298535190084	0.9246923337473185
scaffold_480	0.9460798056256424	0.0896016426377789	1.0
scaffold_745	1.0	0.0007134029717537939	0.8640776699029126
scaffold_1504	0.7806215722120659	1.0	1.0
scaffold_435	0.33189655172413796	1.0	1.0
scaffold_221	0.9340378174859069	0.6037893151532265	0.9850563449289564
scaffold_1272	1.0	1.0	1.0
scaffold_1460	1.0	1.0	1.0
scaffold_121	0.4721824631277615	1.0	1.0
scaffold_142	0.9281617503054268	0.028877367808367832	0.9949057513765523
scaffold_38	0.35556396889652564	0.0036412613455756543	0.9965599148169383
scaffold_153	0.5471052107255586	1.0	1.0
scaffold_7	0.48662645062718823	1.0	1.0
scaffold_32	0.384381856624247	0.5883062883007931	0.7076825146423394
scaffold_113	0.34474707403727384	0.5418727038799585	1.0
scaffold_119	0.998394881861937	0.9694997885619779	0.9998926678435143
scaffold_91	0.5814723753995293	0.15734857607764827	1.0
scaffold_347	0.9994972451084001	0.038198407896444644	0.9988707988584803
scaffold_271	0.9830489696432528	0.03675831734935485	1.0
scaffold_17	0.6114875687266689	0.1551122126277141	1.0
scaffold_832	0.9617271835132483	0.007697413119376667	1.0
scaffold_475	0.4110756123535676	1.0	1.0
scaffold_381	0.48049052396878483	1.0	1.0
scaffold_373	0.5311918063314711	0.0007819347711521579	0.9658194566170026
scaffold_138	0.9984241955103395	1.0	1.0
scaffold_140	0.8909775819968834	1.0	1.0
scaffold_536	0.4294770206022187	0.00039215856519165843	0.6162361623616236
scaffold_64	0.998698263731768	0.45679768415740246	0.9997921288180817
scaffold_135	0.44562521260034116	0.4261377261859254	0.9971695379883662
scaffold_253	0.9548958596137135	0.049704957071399804	0.9911049788633162
scaffold_71	0.6671649044020309	0.10504176406338217	0.6902377029416492
scaffold_104	0.5360738155442383	0.27248056285506544	0.7878081592656772
scaffold_101	0.6354398751849485	0.10293047944822235	0.9992298910975411
scaffold_53	0.361483200277313	0.1345486191111281	1.0
scaffold_332	0.9977121544199639	1.0	1.0
scaffold_122	0.5445627064222994	0.04084685840773043	0.9975132495414702
scaffold_82	1.0	0.9751139739805742	0.9998939783715878
scaffold_156	0.6976036678263098	0.07647553722474078	0.9995645754951253
scaffold_320	0.4045714285714286	1.0	1.0
scaffold_1664	0.5844155844155844	1.0	1.0
scaffold_89	0.5334254341897516	0.05002501447025409	1.0
scaffold_335	0.9636148470959501	1.0	1.0
scaffold_245	0.9994394594664516	1.0	1.0
scaffold_1092	0.3657937806873977	0.00041103297091321043	1.0
scaffold_181	1.0	0.9785259895165609	0.9998465946075932
scaffold_52	0.3956096518455949	0.04522866813189882	0.9935559385691869
scaffold_18	0.5428203579129813	1.0	1.0
scaffold_623	1.0	6.451340113343071e-05	0.6216216216216216
scaffold_132	0.54571647689145	0.12663238458220719	1.0
scaffold_881	1.0	0.019175616304613133	0.9960222752585521
scaffold_4	0.6250565400912349	0.2604435707427891	0.997192795923395
scaffold_852	0.9712586719524281	1.0	1.0
scaffold_971	1.0	1.0	1.0
scaffold_118	0.991819156940909	0.06731491170024698	0.8793420712809917
scaffold_452	1.0	1.0	1.0
scaffold_458	1.0	1.0	1.0
scaffold_1566	0.7325581395348837	0.00010841557237685941	1.0
scaffold_184	1.0	1.0	1.0
scaffold_51	0.6256970297346094	0.20386466807340978	1.0
scaffold_35	0.7539422318438077	0.3614044031661045	0.5605530838116186
scaffold_25	0.28824172763523476	1.0	1.0
scaffold_141	0.5979358820742887	1.0	1.0
scaffold_559	0.47023809523809523	0.0005558807966405098	0.8734177215189873
scaffold_694	1.0	1.0	1.0
scaffold_2053	1.0	1.0	1.0
scaffold_2018	1.0	1.0	1.0
scaffold_130	0.941196201493761	0.09047656239363885	1.0
scaffold_186	0.36694560486810457	1.0	1.0
scaffold_161	0.870226902472282	1.0	1.0
scaffold_298	0.8872323730523484	1.0	1.0
scaffold_20	0.43171342960818093	0.32810503260941476	0.5673927462789525
scaffold_65	0.8528883444930825	1.0	1.0
scaffold_11	0.9997427610238111	0.48972904422135183	0.9929146655682018
scaffold_1	0.6834978623017187	0.42226034384168226	1.0
scaffold_152	0.5496124601680566	0.07431211771974516	1.0
scaffold_208	0.9474882830549871	0.04190405290008977	0.9993265289534492
scaffold_30	0.28333582200985513	0.037763854408847906	0.6481897233201581
scaffold_192	0.7031325651205578	0.036440045701132656	0.996189820393642
scaffold_41	0.7879303660989024	1.0	1.0
scaffold_251	0.7891157561464155	0.023086298456014294	1.0
scaffold_809	0.6305418719211823	1.0	1.0
scaffold_293	0.7694770544290288	1.0	1.0
scaffold_611	0.9181905678537055	1.0	1.0
scaffold_1112	1.0	1.0	1.0
scaffold_125	0.5102147577092511	0.10432711795703284	0.9988262910798122
scaffold_29	0.501904346934591	0.09268946805902271	0.7237556364676264
scaffold_928	0.5669014084507042	1.0	1.0
scaffold_826	1.0	1.0	1.0
scaffold_603	1.0	1.0	1.0
scaffold_502	0.8467896381413164	1.0	0.99644170323805
scaffold_310	0.7914382045431325	0.008119917190052324	0.987650071001334
scaffold_378	0.959306651575649	0.07029828658582007	0.9979134348576547
scaffold_133	1.0	1.0	1.0
scaffold_110	0.4463922944347337	1.0	1.0
scaffold_218	0.9991263707403873	0.09266950717608921	0.9924845103666551
scaffold_61	0.5485192047988443	1.0	1.0
scaffold_322	0.34487021013597036	0.0011490024133168969	0.6881720430107527
scaffold_277	0.8053588542221276	0.056870144701409414	0.9972481613089828
scaffold_103	0.8515598961361082	0.05935982762179236	0.7969216485837035
scaffold_48	0.49426819682439865	0.2473043850348141	1.0
scaffold_46	0.9161975316279501	0.3621693663511006	0.44683023995813603
scaffold_317	0.9488104684762917	1.0	1.0
scaffold_27	0.36316868606577474	1.0	1.0
scaffold_255	0.9168468681288728	1.0	1.0
scaffold_95	1.0	0.7115952346056406	1.0
scaffold_631	1.0	0.0002200679389226828	1.0
scaffold_615	1.0	1.0	1.0
scaffold_505	0.45808636748518206	0.00024428801783076757	0.8096118299445472
scaffold_1659	1.0	1.0	1.0
scaffold_155	0.8957041216370387	0.22264004695372258	0.6262515149409849
scaffold_83	0.4597147271102703	0.1321642340624836	0.7550877711758165
scaffold_54	0.6198007636990014	0.13223917881870378	0.9987017530221168
scaffold_150	0.7024792310601614	0.20563671000607014	0.5989467300361404
scaffold_86	0.7577056367980257	1.0	1.0
scaffold_34	0.6902085898501235	0.1996043952702841	0.6081662184883796
scaffold_151	0.7820943054683893	0.1578891706753171	0.9986537300960958
scaffold_19	0.6560106828866539	0.452811220827103	0.9998601938272779
scaffold_168	0.577652652749629	0.056089152647984454	0.8745916211048871
scaffold_285	0.6570128603331878	0.04219360071346794	0.9633818774968012
scaffold_229	0.9222199476366457	0.036300576269633796	0.8281888917447484
scaffold_50	0.5820133332956526	0.6887284778621078	0.9998494751051247
scaffold_24	0.7095165411017607	0.10041210258957528	0.7944032211676733
scaffold_340	0.9750174634444977	1.0	1.0
scaffold_390	0.9673995451099318	1.0	1.0
scaffold_219	0.591347470260732	0.03438139665203699	1.0
scaffold_337	0.9700562030250844	1.0	1.0
scaffold_111	0.425018265234777	0.03990003787114738	0.9985859780780392
scaffold_291	0.9957460150669029	0.03956621115268473	1.0
scaffold_370	0.9011070110701107	0.035697579230499356	0.8419328419328419
scaffold_1316	1.0	1.0	1.0
scaffold_997	0.5391304347826087	1.0	1.0
scaffold_406	0.8511242086880594	0.005862144140486984	1.0
scaffold_249	0.37950566426364574	0.0009586426556526098	0.810989010989011
scaffold_470	0.5343367826904986	0.0002778764369587402	1.0
scaffold_965	0.9776500638569604	1.0	1.0
scaffold_362	0.35172312272035855	0.025024059357664608	0.9839797247023809
scaffold_803	0.8830059777967549	1.0	1.0
scaffold_124	0.9590270651125032	1.0	1.0
scaffold_42	0.965801512150005	0.5303592619342639	1.0
scaffold_40	0.48892250234882717	0.1406614950737521	0.6373610601687212
scaffold_1357	1.0	1.0	1.0
scaffold_131	0.6852513870617171	0.021555072465723787	0.994908286554955
scaffold_22	0.3545571273482749	0.09789568181126564	1.0
scaffold_461	0.9103884953852758	0.007848089555000463	0.9619238476953907
scaffold_304	0.9113790297868744	0.0340299614533317	0.9935742137929443
scaffold_292	0.9471048017013021	0.06282739034395708	0.9995666774997292
scaffold_1161	0.9818676337262012	1.0	1.0
scaffold_1880	1.0	1.0	1.0
scaffold_2110	1.0	1.0	1.0
scaffold_1986	1.0	1.0	1.0
scaffold_635	0.7628174413033062	0.0025356011461172014	0.9554020100502513
scaffold_437	0.593311623246493	1.0	1.0
scaffold_504	0.9863449307893752	1.0	1.0
scaffold_774	1.0	1.0	1.0
scaffold_894	1.0	1.0	1.0
scaffold_888	0.4470108695652174	0.00025522117358297945	1.0
scaffold_791	0.7461139896373057	1.0	1.0
scaffold_8	0.49697867557981695	1.0	1.0
scaffold_854	0.5492957746478874	1.0	1.0
scaffold_580	0.5664160401002506	1.0	1.0
scaffold_127	0.5371040449574481	0.025926428271028264	0.9970643582988332
scaffold_139	0.9904296494907778	0.5611303853541887	1.0
scaffold_455	0.965220560273799	0.16661105397895104	0.9986703219134232
scaffold_798	0.6464646464646465	1.0	0.722488038277512
scaffold_79	0.8327931552152577	0.17140616636718603	0.9959728586535073
scaffold_43	0.8705846653490031	0.10499636009716957	0.8831592135879344
scaffold_97	0.5718032081668445	0.09861238721901056	0.6380589996961762
scaffold_160	0.8428855983162958	0.07014227051100415	1.0
scaffold_87	0.9042600740968821	1.0	1.0
scaffold_107	0.6791849546458117	0.07765247592805484	1.0
scaffold_179	0.42982687638551675	0.049308623685819876	0.997625918421645
scaffold_334	0.9237425635478637	0.24462904611859065	1.0
scaffold_594	0.938036809815951	1.0	1.0
scaffold_1110	1.0	1.0	1.0
scaffold_2136	1.0	1.0	1.0
scaffold_2205	0.5754716981132075	1.0	1.0
scaffold_1279	1.0	1.0	1.0
scaffold_1470	1.0	1.0	1.0
scaffold_92	0.9331985530484357	0.3420865076367849	0.9845694127412327
scaffold_31	0.46960078175790104	0.6057843862022791	1.0
scaffold_328	0.38723342097575225	0.004524199604068537	0.9192757450018861
scaffold_1806	1.0	1.0	1.0
scaffold_1013	0.535031847133758	1.0	1.0
scaffold_214	1.0	1.0	1.0
scaffold_238	1.0	0.9921447643119544	1.0
scaffold_691	1.0	1.0	1.0
scaffold_633	0.9356287425149701	0.00046807713911252576	1.0
scaffold_1574	1.0	1.0	1.0
scaffold_1406	0.7254901960784313	1.0	1.0
scaffold_47	0.46030809510200693	0.11592234542449063	0.8203771204261882
scaffold_228	0.7730799461474408	0.17873432206363116	0.9992752164284276
scaffold_1314	1.0	1.0	1.0
scaffold_1482	1.0	1.0	1.0
scaffold_2148	1.0	1.0	1.0
scaffold_2164	1.0	1.0	1.0
scaffold_78	0.9982881762127679	0.9854327593101013	0.9995263190063225
scaffold_675	0.556970983722576	1.0	1.0
scaffold_49	1.0	0.8575581121126814	1.0
scaffold_1039	1.0	1.0	1.0
scaffold_331	0.41853798375537504	0.002233884664228774	1.0
scaffold_679	1.0	1.0	1.0
scaffold_534	0.7156862745098039	1.0	1.0
scaffold_274	0.3912175648702595	0.002228212754528544	0.9164540816326531
scaffold_56	0.4722043396423075	1.0	1.0
scaffold_33	0.3897767986830638	1.0	1.0
scaffold_166	0.9997758230795744	1.0	1.0
scaffold_399	0.833679294239751	0.004827484659627023	0.7784002489884843
scaffold_554	0.8905021173623714	1.0	1.0
scaffold_1264	1.0	1.0	1.0
scaffold_1646	1.0	1.0	1.0
scaffold_743	0.6286676286676287	1.0	1.0
scaffold_1627	0.5833333333333334	1.0	1.0
scaffold_2153	1.0	1.0	1.0
scaffold_57	0.21395893225573578	0.060584948109441907	0.9864139115157323
scaffold_123	0.38572827441924196	1.0	1.0
scaffold_533	0.8756432246998285	1.0	1.0
scaffold_171	0.4291957353181843	1.0	1.0
scaffold_962	0.8685056239957151	1.0	1.0
scaffold_1536	0.5637254901960784	1.0	1.0
scaffold_1517	1.0	1.0	1.0
scaffold_718	1.0	0.0014196361371363317	1.0
scaffold_207	0.9576499025725773	1.0	1.0
scaffold_1364	1.0	1.0	1.0
scaffold_2036	0.635036496350365	1.0	1.0
scaffold_579	1.0	1.0	1.0
scaffold_537	0.5504065040650407	1.0	1.0
scaffold_689	1.0	1.0	1.0
scaffold_707	0.9769820971867008	1.0	1.0
scaffold_773	1.0	0.09013193655186046	0.7894736842105263
scaffold_1288	1.0	1.0	1.0
scaffold_757	0.7761506276150628	1.0	1.0
scaffold_1909	1.0	1.0	1.0
scaffold_1845	1.0	0.0202924062393037	0.7060240963855422
scaffold_182	0.9680127689392957	1.0	1.0
scaffold_1326	0.5062761506276151	1.0	1.0
scaffold_1475	1.0	1.0	1.0
scaffold_1793	1.0	1.0	1.0
scaffold_1417	1.0	1.0	1.0
scaffold_1180	1.0	1.0	1.0
scaffold_1005	1.0	1.0	1.0
scaffold_1362	1.0	1.0	1.0
scaffold_177	0.9087714798666324	0.03224767172956842	1.0
scaffold_224	0.6455226433164591	1.0	1.0
scaffold_44	0.3782191387739449	1.0	1.0
scaffold_190	0.617251061991504	0.08470038215452953	0.996314009098332
scaffold_905	1.0	1.0	1.0
scaffold_374	0.993681767385885	0.09020816668942779	0.9994701327912107
scaffold_12	0.6192258848213793	1.0	1.0
scaffold_148	0.9848155491042979	0.9695916624549051	0.9995901801409924
scaffold_1064	1.0	1.0	1.0
scaffold_1200	0.6983805668016194	0.00017526141891644755	1.0
scaffold_55	0.4755854659584742	0.12952309982034652	1.0
scaffold_1929	1.0	1.0	1.0
scaffold_1275	0.6239316239316239	1.0	1.0
scaffold_216	0.38406738300468374	0.004508642103084248	0.81153924984628
scaffold_413	0.9845807902345005	0.636261728805115	0.7305324865657059
scaffold_106	0.6528268789637026	1.0	1.0
scaffold_15	0.7253113993643158	0.2605869006217346	1.0
scaffold_302	0.539928369871934	0.08310600530218619	1.0
scaffold_989	1.0	1.0	1.0
scaffold_269	0.9528985003683063	0.04784985521932754	0.9966599574108107
scaffold_342	0.9101901600447166	1.0	1.0
scaffold_114	0.4493881750591002	1.0	1.0
scaffold_202	0.67693396579533	0.13283866728633473	0.9993666304741223
scaffold_1678	0.5859375	1.0	1.0
scaffold_2097	1.0	1.0	1.0
scaffold_129	0.9946326343628366	0.2436317391193623	0.7202924209659822
scaffold_1508	1.0	1.0	1.0
scaffold_45	0.39034365434859697	1.0	1.0
scaffold_73	0.24104957725045284	0.15569987492954854	1.0
scaffold_703	1.0	1.0	1.0
scaffold_372	0.7871662810081859	1.0	1.0
scaffold_1238	0.5155038759689923	1.0	1.0
scaffold_688	1.0	1.0	1.0
scaffold_2026	1.0	1.0	1.0
scaffold_659	1.0	1.0	1.0
scaffold_1192	1.0	1.0	1.0
scaffold_231	0.6716060650416305	1.0	1.0
scaffold_80	0.7076116926676136	0.18524461331987607	0.7092168075164887
scaffold_109	0.8669256961769267	0.26814828332334	1.0
scaffold_734	0.5390070921985816	1.0	1.0
scaffold_911	0.8619565217391304	1.0	1.0
scaffold_284	0.9220645926466563	1.0	1.0
scaffold_329	0.9748917748917749	0.014943019633675239	1.0
scaffold_174	0.6416025426564068	0.5603317032662853	1.0
scaffold_233	0.9751612700320793	0.06235503791023992	0.999591649592366
scaffold_185	0.6295706615456969	1.0	1.0
