query	grouping_confidence	location_confidence	orientation_confidence
scaffold_26	0.9984100385799463	0.9983724292370421	1.0
scaffold_1149	1.0	1.0	1.0
scaffold_1429	1.0	1.0	1.0
scaffold_517	0.7939857119122777	1.0	1.0
scaffold_631	0.572039942938659	1.0	1.0
scaffold_1370	1.0	1.0	1.0
scaffold_687	1.0	1.0	1.0
scaffold_785	1.0	1.0	1.0
scaffold_4	0.9994217831019793	0.9799739246907024	0.9973907868440909
scaffold_1487	1.0	1.0	1.0
scaffold_13	1.0	1.0	1.0
scaffold_81	1.0	0.87220366036766	0.9791452774064274
scaffold_211	0.916120112028929	1.0	1.0
scaffold_116	1.0	1.0	1.0
scaffold_381	1.0	1.0	1.0
scaffold_45	0.9382451143048794	0.8114828026098756	0.9949654550916192
scaffold_99	1.0	1.0	1.0
scaffold_129	0.9898952684938022	0.0638453175254485	0.9374771616884786
scaffold_28	0.5211196858304032	0.9951394322369482	0.9295490447450173
scaffold_1295	1.0	1.0	1.0
scaffold_1250	1.0	1.0	1.0
scaffold_651	1.0	1.0	1.0
scaffold_629	1.0	1.0	1.0
scaffold_752	1.0	1.0	1.0
scaffold_21	0.9974793476961392	0.23843445419689333	0.9974750948766603
scaffold_240	0.7717389199759909	1.0	1.0
scaffold_38	1.0	0.9893537164685625	0.9984450726600685
scaffold_570	1.0	1.0	1.0
scaffold_91	1.0	0.9725428764348413	1.0
scaffold_229	1.0	1.0	1.0
scaffold_214	0.8894229768816198	1.0	1.0
scaffold_88	1.0	1.0	1.0
scaffold_231	1.0	1.0	1.0
scaffold_136	0.9918913264238657	0.07890105036866008	0.9586981797977095
scaffold_351	1.0	1.0	1.0
scaffold_210	0.71561002270243	1.0	1.0
scaffold_311	1.0	1.0	1.0
scaffold_169	1.0	0.5540871226369242	1.0
scaffold_144	0.9983883714115735	1.0	1.0
scaffold_402	1.0	1.0	1.0
scaffold_278	1.0	1.0	1.0
scaffold_124	1.0	1.0	1.0
scaffold_153	1.0	1.0	1.0
scaffold_130	0.9908432880334026	1.0	1.0
scaffold_558	1.0	1.0	1.0
scaffold_140	0.9786553806073274	0.9536660529027494	0.9959321004831896
scaffold_220	1.0	1.0	1.0
scaffold_410	1.0	1.0	1.0
scaffold_72	0.9941034875258905	0.10846861086711942	0.9745831378069764
scaffold_287	1.0	0.0033027736998806627	0.9276988807317367
scaffold_157	1.0	1.0	1.0
scaffold_69	0.9977860924223253	0.9927640957939085	0.776354813616664
scaffold_195	1.0	1.0	1.0
scaffold_879	1.0	1.0	1.0
scaffold_105	1.0	0.027461807926855642	0.9975735956120392
scaffold_484	0.7696503621568452	1.0	1.0
scaffold_193	1.0	1.0	1.0
scaffold_683	1.0	1.0	1.0
scaffold_228	1.0	1.0	1.0
scaffold_41	1.0	0.9977050150227113	0.9990437813023412
scaffold_892	1.0	1.0	1.0
scaffold_115	1.0	1.0	1.0
scaffold_761	1.0	1.0	1.0
scaffold_658	1.0	1.0	1.0
scaffold_1029	1.0	1.0	1.0
scaffold_1499	1.0	1.0	1.0
scaffold_709	1.0	1.0	1.0
scaffold_111	1.0	1.0	1.0
scaffold_191	1.0	0.9752864462040056	0.8197847120738894
scaffold_141	1.0	1.0	1.0
scaffold_182	1.0	0.009247725217416803	1.0
scaffold_1014	1.0	1.0	1.0
scaffold_255	0.9448964052418547	1.0	1.0
scaffold_304	0.5354239256678281	1.0	1.0
scaffold_318	1.0	1.0	1.0
scaffold_399	1.0	1.0	1.0
scaffold_74	0.9849509521575046	0.5321925956188943	0.9212862613344893
scaffold_379	1.0	1.0	1.0
scaffold_296	0.6172177167810355	1.0	1.0
scaffold_361	1.0	1.0	1.0
scaffold_232	1.0	0.9101455776210089	0.8148629277907186
scaffold_167	0.9017031243796896	0.10805372001084676	1.0
scaffold_121	0.966530174605082	0.36548312061893684	1.0
scaffold_94	1.0	1.0	1.0
scaffold_679	1.0	1.0	1.0
scaffold_143	1.0	1.0	1.0
scaffold_509	1.0	1.0	1.0
scaffold_986	1.0	1.0	1.0
scaffold_717	0.8203477141017386	1.0	1.0
scaffold_726	1.0	1.0	1.0
scaffold_29	0.995452774538913	0.998579907203673	0.9982485715838149
scaffold_580	1.0	1.0	1.0
scaffold_663	1.0	1.0	1.0
scaffold_82	0.9978982824374356	1.0	1.0
scaffold_23	1.0	0.9799235877540683	1.0
scaffold_857	1.0	1.0	1.0
scaffold_100	1.0	1.0	1.0
scaffold_137	1.0	1.0	1.0
scaffold_263	0.9200552208835341	1.0	1.0
scaffold_423	1.0	1.0	1.0
scaffold_187	0.9942086456646863	1.0	1.0
scaffold_160	1.0	1.0	1.0
scaffold_322	1.0	1.0	1.0
scaffold_869	1.0	1.0	1.0
scaffold_310	1.0	1.0	1.0
scaffold_355	0.9298412509661692	1.0	1.0
scaffold_85	0.7258686842559062	0.5600496942341051	0.9299469925314408
scaffold_202	0.8843010115232132	1.0	1.0
scaffold_482	1.0	1.0	1.0
scaffold_638	1.0	1.0	1.0
scaffold_242	1.0	1.0	1.0
scaffold_345	0.9472953025961622	1.0	1.0
scaffold_59	1.0	1.0	1.0
scaffold_272	1.0	1.0	1.0
scaffold_261	1.0	1.0	1.0
scaffold_1571	1.0	1.0	1.0
scaffold_485	1.0	1.0	1.0
scaffold_476	1.0	1.0	1.0
scaffold_49	0.9979684588065685	0.7694777510421256	0.9844104685403819
scaffold_164	1.0	1.0	1.0
scaffold_199	1.0	1.0	1.0
scaffold_331	1.0	1.0	1.0
scaffold_384	1.0	0.01610527463401848	1.0
scaffold_77	1.0	0.10902080291174772	0.9924129139489013
scaffold_952	1.0	1.0	1.0
scaffold_1503	1.0	1.0	1.0
scaffold_684	1.0	1.0	1.0
scaffold_1592	1.0	1.0	1.0
scaffold_707	1.0	1.0	1.0
scaffold_1031	1.0	1.0	1.0
scaffold_15	0.9992156188934685	0.9972021096549792	1.0
scaffold_723	1.0	1.0	1.0
scaffold_6	0.627101237583399	0.994279411704033	1.0
scaffold_5	0.8749515477427424	0.9896432931319897	0.9910769276886071
scaffold_1302	1.0	1.0	1.0
scaffold_1254	1.0	1.0	1.0
scaffold_623	1.0	1.0	1.0
scaffold_1347	1.0	1.0	1.0
scaffold_289	1.0	1.0	1.0
scaffold_36	1.0	1.0	1.0
scaffold_206	1.0	1.0	1.0
scaffold_510	0.6362710878417684	1.0	1.0
scaffold_235	1.0	1.0	1.0
scaffold_2	0.999800470348209	0.9840301141309958	1.0
scaffold_65	0.9986052978857165	0.9994260724650825	0.9923371863149971
scaffold_162	1.0	1.0	1.0
scaffold_271	0.878185432857401	1.0	1.0
scaffold_39	0.5532164532656625	0.9924082709343747	0.9916974313982679
scaffold_17	1.0	0.9906103056785643	0.9728198381216383
scaffold_1068	1.0	1.0	1.0
scaffold_122	0.9980693183958027	1.0	1.0
scaffold_147	1.0	1.0	1.0
scaffold_96	1.0	0.6639466791337757	1.0
scaffold_50	1.0	0.8971114549390096	1.0
scaffold_247	0.5642690473774983	1.0	1.0
scaffold_300	1.0	1.0	1.0
scaffold_138	1.0	1.0	1.0
scaffold_95	1.0	1.0	1.0
scaffold_108	0.974048026928741	0.7039758633123216	1.0
scaffold_251	1.0	1.0	1.0
scaffold_1544	1.0	1.0	1.0
scaffold_262	1.0	1.0	1.0
scaffold_372	1.0	0.0032678869311121837	1.0
scaffold_146	1.0	0.9578199725800017	0.9698214371200153
scaffold_333	1.0	1.0	1.0
scaffold_252	0.9083560514803779	0.6777917070747688	0.9230849764439016
scaffold_165	0.9800200539154448	1.0	1.0
scaffold_145	0.9949022709909472	1.0	1.0
scaffold_86	1.0	1.0	1.0
scaffold_47	1.0	1.0	1.0
scaffold_42	0.5138580268231829	1.0	1.0
scaffold_270	1.0	1.0	1.0
scaffold_222	1.0	0.04776563209608974	1.0
scaffold_66	0.991439180361686	0.978857015512628	0.9974224207289105
scaffold_93	1.0	1.0	1.0
scaffold_52	0.9984751391435531	0.6156383973193609	0.7281978036009128
scaffold_131	1.0	1.0	1.0
scaffold_962	1.0	1.0	1.0
scaffold_396	1.0	1.0	1.0
scaffold_123	1.0	1.0	1.0
scaffold_168	1.0	1.0	1.0
scaffold_1355	1.0	1.0	1.0
scaffold_114	1.0	0.045736384773481284	0.9948110049650754
scaffold_298	1.0	1.0	1.0
scaffold_173	1.0	1.0	1.0
scaffold_417	0.8239398819108964	1.0	1.0
scaffold_323	1.0	1.0	1.0
scaffold_53	1.0	1.0	1.0
scaffold_236	1.0	1.0	1.0
scaffold_249	1.0	1.0	1.0
scaffold_172	1.0	0.01684987410179884	1.0
scaffold_48	0.9993380397909599	0.1308046484350108	1.0
scaffold_70	1.0	0.9953655003807361	0.9944342738103847
scaffold_766	1.0	1.0	1.0
scaffold_587	1.0	1.0	1.0
scaffold_411	1.0	0.0035769607483571437	1.0
scaffold_581	1.0	1.0	1.0
scaffold_188	1.0	0.026996188754862285	0.9882619200093148
scaffold_80	0.9984574749075541	0.12104231164094549	1.0
scaffold_185	0.8423654078657279	1.0	1.0
scaffold_120	1.0	0.5836596875109231	1.0
scaffold_672	0.6714961561206386	1.0	1.0
scaffold_109	0.996247629907583	0.7454338012798254	1.0
scaffold_149	1.0	1.0	1.0
scaffold_473	1.0	1.0	1.0
scaffold_1040	1.0	1.0	1.0
scaffold_590	1.0	1.0	1.0
scaffold_724	1.0	1.0	1.0
scaffold_181	1.0	0.6478057868478653	1.0
scaffold_324	1.0	0.0034246915636089773	0.6826413206603301
scaffold_364	1.0	1.0	1.0
scaffold_212	0.6357659434582511	1.0	1.0
scaffold_288	1.0	1.0	1.0
scaffold_442	1.0	1.0	1.0
scaffold_201	1.0	1.0	1.0
scaffold_58	1.0	0.48091456521893683	0.7339440170733412
scaffold_67	1.0	0.9948182507816775	1.0
scaffold_98	1.0	0.990233742666543	1.0
scaffold_340	1.0	1.0	1.0
scaffold_87	0.9948123547412153	1.0	1.0
scaffold_112	0.9649443103122796	0.9958497182730316	0.9927408456142609
scaffold_1070	1.0	1.0	1.0
scaffold_33	1.0	1.0	1.0
scaffold_83	1.0	1.0	1.0
scaffold_420	1.0	1.0	1.0
scaffold_55	1.0	1.0	1.0
scaffold_1470	1.0	1.0	1.0
scaffold_695	0.5349329569513056	1.0	1.0
scaffold_1545	1.0	1.0	1.0
scaffold_19	0.775680306571504	0.8989142550782138	0.9948821875057213
scaffold_543	1.0	1.0	1.0
scaffold_765	1.0	1.0	1.0
scaffold_501	1.0	1.0	1.0
scaffold_875	1.0	1.0	1.0
scaffold_612	1.0	1.0	1.0
scaffold_22	0.9996811562230238	0.9958501415084798	0.9979856533327484
scaffold_152	1.0	1.0	1.0
scaffold_30	0.9994779383837319	1.0	1.0
scaffold_335	1.0	1.0	1.0
scaffold_312	1.0	1.0	1.0
scaffold_32	1.0	1.0	1.0
scaffold_156	1.0	0.011048100317862483	0.9930752502831031
scaffold_64	0.8129388067746602	0.9601096836276011	0.9838801086571131
scaffold_237	1.0	1.0	1.0
scaffold_110	0.995731454311902	1.0	1.0
scaffold_192	1.0	1.0	1.0
scaffold_216	1.0	1.0	1.0
scaffold_24	0.9958545867356705	0.9886098047676729	0.9989121114565077
scaffold_1048	1.0	1.0	1.0
scaffold_767	1.0	1.0	1.0
scaffold_826	1.0	1.0	1.0
scaffold_60	0.9989948415411314	0.16960573261422687	1.0
scaffold_466	1.0	1.0	1.0
scaffold_512	1.0	1.0	1.0
scaffold_68	0.9955040810835053	0.08955586680643819	0.9936617700242392
scaffold_125	1.0	0.35481312481018823	1.0
scaffold_317	0.8959385290889132	1.0	1.0
scaffold_326	0.4942847986326247	1.0	1.0
scaffold_376	1.0	1.0	1.0
scaffold_218	0.9086112046704838	1.0	1.0
scaffold_106	0.9953085248125421	1.0	1.0
scaffold_352	1.0	1.0	1.0
scaffold_504	1.0	1.0	1.0
scaffold_239	0.5180099502487562	1.0	1.0
scaffold_267	1.0	1.0	1.0
scaffold_507	1.0	1.0	1.0
scaffold_266	1.0	1.0	1.0
scaffold_467	1.0	1.0	1.0
scaffold_176	1.0	1.0	1.0
scaffold_174	0.744167758846658	0.006272439048639572	0.6804038980861806
scaffold_62	0.9990853968361505	1.0	1.0
scaffold_118	0.9946995723620988	1.0	1.0
scaffold_37	0.9960394046379145	0.9890001057285024	0.9972154734154549
scaffold_828	1.0	1.0	1.0
scaffold_89	1.0	0.9959585494035502	0.9081668394653515
scaffold_954	1.0	1.0	1.0
scaffold_3	0.5430110846541981	1.0	1.0
scaffold_1099	1.0	1.0	1.0
scaffold_1579	1.0	1.0	1.0
scaffold_1	0.9945340033524364	0.7540011946535482	0.9994408049584184
scaffold_1161	1.0	1.0	1.0
scaffold_1289	1.0	1.0	1.0
scaffold_366	1.0	1.0	1.0
scaffold_702	1.0	1.0	1.0
scaffold_889	1.0	1.0	1.0
scaffold_782	1.0	1.0	1.0
scaffold_872	1.0	1.0	1.0
scaffold_380	1.0	1.0	1.0
scaffold_617	1.0	1.0	1.0
scaffold_1039	1.0	1.0	1.0
scaffold_1237	0.5358490566037736	1.0	1.0
scaffold_551	1.0	1.0	1.0
scaffold_932	1.0	1.0	1.0
scaffold_734	1.0	1.0	1.0
scaffold_31	0.9285585721156542	1.0	1.0
scaffold_390	1.0	1.0	1.0
scaffold_688	1.0	1.0	1.0
scaffold_1613	1.0	1.0	1.0
scaffold_1163	1.0	1.0	1.0
scaffold_1036	1.0	1.0	1.0
scaffold_850	1.0	1.0	1.0
scaffold_385	1.0	1.0	1.0
scaffold_430	1.0	0.025002788415064876	0.5553903345724907
scaffold_11	0.9981890971937794	0.9907332518502122	0.9958943012824407
scaffold_54	1.0	1.0	1.0
scaffold_84	1.0	1.0	1.0
scaffold_387	0.6277159710296424	1.0	1.0
scaffold_20	1.0	1.0	1.0
scaffold_349	1.0	1.0	1.0
scaffold_961	1.0	1.0	1.0
scaffold_1444	1.0	1.0	1.0
scaffold_178	1.0	1.0	1.0
scaffold_779	1.0	1.0	1.0
scaffold_132	1.0	1.0	1.0
scaffold_675	1.0	1.0	1.0
scaffold_34	0.9992288506447276	1.0	1.0
scaffold_1075	1.0	1.0	1.0
scaffold_224	1.0	1.0	1.0
scaffold_71	0.9963680893210877	0.9982232421860905	0.9779807179534612
scaffold_113	1.0	1.0	1.0
scaffold_358	0.8296524567711009	1.0	1.0
scaffold_61	0.9932837089504185	1.0	1.0
scaffold_799	1.0	1.0	1.0
scaffold_285	1.0	1.0	1.0
scaffold_382	1.0	1.0	1.0
scaffold_103	1.0	1.0	1.0
scaffold_205	1.0	1.0	1.0
scaffold_1184	1.0	1.0	1.0
scaffold_1376	1.0	1.0	1.0
scaffold_200	0.9041995111098904	1.0	1.0
scaffold_253	1.0	1.0	1.0
scaffold_1562	1.0	1.0	1.0
scaffold_117	0.9722885665394871	0.7360749990844838	1.0
scaffold_662	1.0	1.0	1.0
scaffold_458	1.0	1.0	1.0
scaffold_104	1.0	0.2765062752167136	0.5509183146759805
scaffold_1185	1.0	1.0	1.0
scaffold_56	0.9881842342149256	0.6472464787397795	0.9841292046492158
scaffold_368	0.6798157212784336	1.0	1.0
scaffold_360	1.0	1.0	1.0
scaffold_398	1.0	1.0	1.0
scaffold_908	1.0	1.0	1.0
scaffold_369	1.0	1.0	1.0
scaffold_148	1.0	1.0	1.0
scaffold_184	1.0	0.01060641581864968	1.0
scaffold_327	0.6205622819618305	1.0	1.0
scaffold_297	1.0	1.0	1.0
scaffold_887	1.0	1.0	1.0
scaffold_745	1.0	1.0	1.0
scaffold_1384	1.0	1.0	1.0
scaffold_268	1.0	1.0	1.0
scaffold_408	1.0	1.0	1.0
scaffold_18	1.0	0.9545899517817571	1.0
scaffold_128	1.0	1.0	1.0
scaffold_215	0.9401886398440763	1.0	1.0
scaffold_46	1.0	0.9906193845747759	0.9922122109625312
scaffold_44	1.0	1.0	1.0
scaffold_439	1.0	1.0	1.0
scaffold_25	0.9924744525368269	0.9777350685970034	0.9745679865797127
scaffold_1323	1.0	1.0	1.0
scaffold_971	1.0	1.0	1.0
scaffold_90	1.0	0.9628021219965848	0.98368002036772
scaffold_451	0.6918891345009353	1.0	1.0
scaffold_7	1.0	0.9331353752720163	0.9964288691453265
scaffold_940	1.0	1.0	1.0
scaffold_1316	1.0	1.0	1.0
scaffold_656	1.0	1.0	1.0
scaffold_783	1.0	1.0	1.0
scaffold_598	1.0	1.0	1.0
scaffold_1050	1.0	1.0	1.0
scaffold_16	0.8341696787354705	0.9954695344422491	1.0
scaffold_14	0.9997116433041382	0.9985275168575585	0.9974415644077133
scaffold_555	1.0	1.0	1.0
scaffold_1498	1.0	1.0	1.0
scaffold_700	1.0	1.0	1.0
scaffold_703	1.0	1.0	1.0
scaffold_729	1.0	1.0	1.0
scaffold_12	0.9140487209552955	0.949492727867768	1.0
scaffold_732	1.0	1.0	1.0
scaffold_1413	1.0	1.0	1.0
scaffold_531	1.0	1.0	1.0
scaffold_1172	1.0	1.0	1.0
scaffold_133	1.0	0.9828883326144033	0.966919044443139
scaffold_269	0.7828532469746037	0.6938590527985498	0.5432179403440017
scaffold_40	0.9912822124553456	0.9450404300194758	0.9933242276315409
scaffold_694	1.0	1.0	1.0
scaffold_480	1.0	1.0	1.0
scaffold_177	1.0	1.0	1.0
scaffold_198	1.0	1.0	1.0
scaffold_107	1.0	1.0	1.0
scaffold_248	1.0	1.0	1.0
scaffold_139	1.0	1.0	1.0
scaffold_217	0.9814515398843632	1.0	1.0
scaffold_155	1.0	1.0	1.0
scaffold_365	1.0	1.0	1.0
scaffold_158	1.0	0.6225661671295606	1.0
scaffold_939	0.5666275889019148	1.0	1.0
scaffold_79	1.0	1.0	1.0
scaffold_135	1.0	1.0	1.0
scaffold_280	0.770879526977088	1.0	1.0
scaffold_464	1.0	1.0	1.0
scaffold_57	1.0	1.0	1.0
scaffold_126	0.9931701160136598	1.0	1.0
scaffold_557	1.0	1.0	1.0
scaffold_259	0.7340699815837938	1.0	1.0
scaffold_151	0.9939033536393592	0.9278116290939641	1.0
scaffold_400	1.0	1.0	1.0
scaffold_664	1.0	1.0	1.0
scaffold_76	1.0	0.7892598559134095	1.0
scaffold_189	0.9927887323943662	0.036398061193577705	1.0
scaffold_641	1.0	1.0	1.0
scaffold_258	1.0	1.0	1.0
scaffold_256	0.9015286877109391	1.0	1.0
scaffold_161	1.0	1.0	1.0
scaffold_97	1.0	1.0	1.0
scaffold_35	0.9851442389303652	0.9420751382393687	0.9885319996655131
scaffold_341	1.0	1.0	1.0
scaffold_977	1.0	1.0	1.0
scaffold_159	1.0	1.0	1.0
scaffold_839	1.0	1.0	1.0
scaffold_604	1.0	1.0	1.0
scaffold_101	0.9972300758041385	1.0	1.0
scaffold_711	1.0	1.0	1.0
scaffold_180	1.0	1.0	1.0
scaffold_142	1.0	0.9151262097737074	1.0
scaffold_436	1.0	1.0	1.0
scaffold_197	1.0	1.0	1.0
scaffold_530	1.0	1.0	1.0
scaffold_490	1.0	1.0	1.0
scaffold_553	1.0	1.0	1.0
scaffold_1654	1.0	1.0	1.0
scaffold_163	1.0	1.0	1.0
scaffold_918	1.0	1.0	1.0
scaffold_73	1.0	0.9957427404812734	1.0
scaffold_569	1.0	1.0	1.0
scaffold_657	1.0	1.0	1.0
scaffold_677	1.0	1.0	1.0
scaffold_209	0.9795803828379686	1.0	1.0
scaffold_92	0.9907318946763667	0.9978074238774628	1.0
scaffold_328	1.0	1.0	1.0
scaffold_134	0.9948489316538075	1.0	1.0
scaffold_291	1.0	1.0	1.0
scaffold_459	1.0	1.0	1.0
scaffold_171	1.0	0.9068878136562704	0.9756417330208402
scaffold_440	1.0	1.0	1.0
scaffold_78	0.9874246954908192	0.21578246538860926	0.6620151987455004
scaffold_219	0.6326074161271336	0.0034407935722339357	0.6978042426497953
scaffold_1024	1.0	1.0	1.0
scaffold_1034	1.0	1.0	1.0
scaffold_299	0.9477860943277121	1.0	1.0
scaffold_770	1.0	1.0	1.0
scaffold_75	1.0	0.9556091480366161	1.0
scaffold_27	0.9900257456608929	0.6914772546067683	0.9976597532482209
scaffold_789	0.562020905923345	1.0	1.0
scaffold_226	1.0	1.0	1.0
scaffold_150	1.0	1.0	1.0
scaffold_265	0.537998600419874	0.000615034194077208	1.0
scaffold_203	0.9112973703026933	1.0	1.0
scaffold_175	0.9886661248080918	1.0	1.0
scaffold_362	0.9162341800965128	1.0	1.0
scaffold_254	0.664548069846792	1.0	1.0
scaffold_119	0.9917609740882635	0.02427747979697865	0.9680518386214345
scaffold_339	1.0	1.0	1.0
scaffold_238	0.5284311486640786	1.0	1.0
scaffold_186	0.8506283662477558	0.0005191654563215626	0.4911355002110595
scaffold_166	0.8915646208992157	0.2971855032645251	1.0
scaffold_196	1.0	0.21431035203612342	1.0
scaffold_344	1.0	1.0	1.0
scaffold_257	0.9779070402534272	1.0	1.0
scaffold_293	1.0	1.0	1.0
scaffold_190	1.0	1.0	1.0
scaffold_264	0.8006904487917146	1.0	1.0
scaffold_204	0.9403455259144435	1.0	1.0
scaffold_720	1.0	1.0	1.0
scaffold_367	0.8099217731421121	0.03502057397413413	1.0
scaffold_374	1.0	1.0	1.0
scaffold_234	0.9103130921230713	1.0	1.0
scaffold_154	0.995810135301664	1.0	1.0
scaffold_51	0.996344959413514	0.9190032057519575	0.9742439486922854
scaffold_8	1.0	1.0	1.0
scaffold_43	1.0	0.981979696295817	1.0
scaffold_295	0.8431410194873764	0.0015072941504356103	1.0
scaffold_313	0.7069521013818286	1.0	1.0
scaffold_63	1.0	1.0	1.0
scaffold_9	1.0	1.0	1.0
scaffold_692	1.0	1.0	1.0
scaffold_10	1.0	0.9968153460891847	1.0
scaffold_1412	1.0	1.0	1.0
