query	grouping_confidence	location_confidence	orientation_confidence
scaffold_44	0.42736432729927554	0.027242130159015224	0.37259561420319215
scaffold_880	1.0	1.0	1.0
scaffold_155	0.6679172884246429	0.017445382493296233	0.9947019022086047
scaffold_550	0.8571428571428571	1.0	1.0
scaffold_1604	1.0	1.0	1.0
scaffold_405	1.0	1.0	1.0
scaffold_1327	1.0	1.0	1.0
scaffold_487	1.0	1.0	1.0
scaffold_1086	1.0	1.0	1.0
scaffold_1259	0.9211428571428572	1.0	1.0
scaffold_695	1.0	1.0	1.0
scaffold_270	0.37267080745341613	1.0	1.0
scaffold_32	0.5058509726720247	0.06181239244071319	0.9972115083915355
scaffold_1344	1.0	1.0	1.0
scaffold_26	0.9541277366839085	0.25858033637322086	1.0
scaffold_745	1.0	1.0	1.0
scaffold_991	0.5714285714285714	1.0	1.0
scaffold_1082	1.0	0.0001454095457699198	0.8516320474777448
scaffold_1020	1.0	1.0	1.0
scaffold_248	0.9823151125401929	1.0	1.0
scaffold_1134	1.0	1.0	1.0
scaffold_1633	1.0	1.0	1.0
scaffold_319	0.9671682626538988	1.0	1.0
scaffold_546	0.6976744186046512	0.0005732879104003114	0.7151515151515152
scaffold_3	0.3522693049452759	1.0	1.0
scaffold_54	0.5406259805317407	0.19459356066021544	0.7422763763968613
scaffold_177	0.32266427360654104	0.0006768815256524711	0.6282447466007417
scaffold_551	1.0	1.0	1.0
scaffold_1276	0.6103896103896104	1.0	1.0
scaffold_389	0.3785234899328859	1.0	1.0
scaffold_517	1.0	0.0026143686382320112	1.0
scaffold_790	0.9158007882479398	1.0	1.0
scaffold_480	0.6254681647940075	1.0	1.0
scaffold_631	1.0	1.0	1.0
scaffold_112	0.511814511886501	0.053541548212448	0.7792588585339465
scaffold_445	0.32285714285714284	1.0	1.0
scaffold_425	0.5060240963855421	1.0	1.0
scaffold_1177	1.0	1.0	1.0
scaffold_635	1.0	1.0	1.0
scaffold_439	1.0	0.022202226880329898	1.0
scaffold_785	0.9523199179697514	0.1998708774950234	0.9623149394347241
scaffold_324	0.9265938531877064	0.017944366560909024	1.0
scaffold_201	0.8692939244663382	0.006505345139239044	1.0
scaffold_935	1.0	1.0	1.0
scaffold_597	1.0	1.0	1.0
scaffold_590	0.8403201219512195	1.0	1.0
scaffold_1012	1.0	1.0	1.0
scaffold_364	0.4815964523281596	1.0	1.0
scaffold_1462	1.0	1.0	1.0
scaffold_1420	1.0	1.0	1.0
scaffold_588	1.0	1.0	1.0
scaffold_937	0.5428571428571428	1.0	1.0
scaffold_283	0.2925764192139738	1.0	1.0
scaffold_1470	1.0	1.0	1.0
scaffold_116	0.9108167139561942	1.0	1.0
scaffold_915	0.6787330316742082	1.0	1.0
scaffold_656	1.0	1.0	1.0
scaffold_1087	1.0	1.0	1.0
scaffold_703	1.0	1.0	1.0
scaffold_503	0.6012145748987854	1.0	1.0
scaffold_115	0.6562506996968354	0.04184152025979499	0.5961869148674837
scaffold_1083	1.0	1.0	1.0
scaffold_1413	1.0	1.0	1.0
scaffold_93	0.6053205754676243	1.0	1.0
scaffold_1308	1.0	1.0	1.0
scaffold_61	0.6004973945997157	1.0	1.0
scaffold_191	0.469894670649269	0.0008964739092800796	0.9805955168952827
scaffold_515	1.0	1.0	1.0
scaffold_659	1.0	1.0	1.0
scaffold_422	0.9784578814440648	1.0	1.0
scaffold_388	0.6695331695331695	0.00013045867835065762	0.7779816513761468
scaffold_113	0.918216070363928	0.05578043736140396	0.5139733986652476
scaffold_333	0.8855744581682592	1.0	1.0
scaffold_1288	1.0	1.0	1.0
scaffold_1513	1.0	1.0	1.0
scaffold_811	0.6984126984126984	1.0	1.0
scaffold_1471	1.0	1.0	1.0
scaffold_17	0.4238697500630047	1.0	1.0
scaffold_4	0.9760637695059701	0.23129932083365726	1.0
scaffold_860	0.9007760532150776	0.4709917395294913	0.9867692307692307
scaffold_1077	1.0	1.0	1.0
scaffold_562	0.4697508896797153	1.0	1.0
scaffold_472	0.9577632361689471	1.0	0.9448356807511737
scaffold_1319	0.5523809523809524	1.0	1.0
scaffold_1205	1.0	1.0	1.0
scaffold_1450	1.0	1.0	1.0
scaffold_165	0.49373550718124787	1.0	1.0
scaffold_475	0.45408163265306123	1.0	1.0
scaffold_374	1.0	1.0	1.0
scaffold_1241	1.0	1.0	1.0
scaffold_436	0.47904191616766467	1.0	1.0
scaffold_135	0.49063221452672706	0.002256064436352382	0.8890598135915302
scaffold_1305	1.0	1.0	1.0
scaffold_256	0.8631759166785561	0.015768628092866534	1.0
scaffold_258	0.5678179528692211	0.0015804298078124252	0.9421827974021859
scaffold_358	0.7094017094017094	0.00013195992052424202	0.9036144578313253
scaffold_1289	1.0	1.0	1.0
scaffold_460	1.0	1.0	1.0
scaffold_986	1.0	1.0	1.0
scaffold_97	0.7771069888633898	0.060372109647586734	0.5971190976399328
scaffold_51	0.4460870541562184	0.04156724242426507	0.5582503326022078
scaffold_99	0.5634448600865186	0.028408949618880432	0.7381146568598375
scaffold_29	0.9314470888823035	0.21816485996696006	1.0
scaffold_1506	1.0	1.0	1.0
scaffold_886	1.0	0.000444307921845688	0.5185185185185185
scaffold_530	0.8989169675090253	0.0002642883545157619	0.9337349397590361
scaffold_345	0.7646699266503667	1.0	1.0
scaffold_19	0.3407141087770346	1.0	1.0
scaffold_121	0.9987548422800221	0.06337960158383157	0.5176255894770443
scaffold_573	0.689922480620155	1.0	1.0
scaffold_1655	1.0	1.0	1.0
scaffold_15	0.7124399878070465	0.12068430425786089	0.8848390849166343
scaffold_1152	1.0	1.0	1.0
scaffold_1	0.31181432694211086	0.2501027168788554	0.7368242264941082
scaffold_43	0.4285040694356849	0.7223485097787071	0.5261951653712179
scaffold_82	1.0	0.999912487291353	1.0
scaffold_87	0.8413314530654417	0.0660843148867101	1.0
scaffold_142	0.9199805260050342	0.019870548568897202	0.9686761096223568
scaffold_591	1.0	1.0	1.0
scaffold_463	1.0	1.0	1.0
scaffold_1586	1.0	1.0	1.0
scaffold_91	0.43845769549104846	1.0	1.0
scaffold_126	0.7169886977619802	0.19525814601282632	1.0
scaffold_198	0.9703037557014849	0.022887206398803563	1.0
scaffold_23	0.9478604283926189	0.7467718998615017	1.0
scaffold_74	0.658212388299713	0.22122900004593626	0.6783593694776278
scaffold_625	0.5221238938053098	1.0	1.0
scaffold_508	1.0	1.0	1.0
scaffold_1566	1.0	1.0	1.0
scaffold_557	0.5116279069767442	1.0	1.0
scaffold_311	0.4544235924932976	1.0	1.0
scaffold_537	1.0	0.00015619374882140386	0.8609756097560975
scaffold_1043	0.6347826086956522	1.0	1.0
scaffold_304	0.5559226050023596	1.0	1.0
scaffold_976	1.0	1.0	1.0
scaffold_763	1.0	1.0	1.0
scaffold_1615	1.0	1.0	1.0
scaffold_1076	0.5714285714285714	1.0	1.0
scaffold_1591	1.0	1.0	1.0
scaffold_1302	1.0	1.0	1.0
scaffold_295	0.6007751937984496	0.0006275058061155502	0.6408602150537634
scaffold_1598	1.0	1.0	1.0
scaffold_502	0.5517241379310345	1.0	1.0
scaffold_1151	1.0	1.0	1.0
scaffold_95	0.6437125857061534	0.07425786679393352	0.5414793785979024
scaffold_199	0.9782067472487822	0.04876526443972379	0.998126221828778
scaffold_100	1.0	1.0	1.0
scaffold_42	0.6247043520929665	0.05012904241941411	1.0
scaffold_49	0.39565793304818186	0.07738501531578428	0.8494247512437811
scaffold_75	0.5904859868964434	1.0	1.0
scaffold_137	0.9718724642547357	0.9081787399824816	1.0
scaffold_143	0.5092707045735476	0.017576804663679665	1.0
scaffold_1656	1.0	1.0	1.0
scaffold_190	0.49646486964206804	1.0	1.0
scaffold_204	0.993551724137931	1.0	1.0
scaffold_630	0.9142656359803233	1.0	1.0
scaffold_84	0.6652330097761967	0.043000441946865774	0.9928035011123761
scaffold_36	0.9999233854903409	0.9631025804346813	0.9999758040905604
scaffold_757	1.0	1.0	1.0
scaffold_940	1.0	1.0	1.0
scaffold_322	0.66785290628707	1.0	1.0
scaffold_355	0.6160092807424594	1.0	1.0
scaffold_612	1.0	1.0	1.0
scaffold_1398	1.0	1.0	1.0
scaffold_447	0.7161290322580646	1.0	1.0
scaffold_1614	1.0	1.0	1.0
scaffold_1640	1.0	1.0	1.0
scaffold_1047	0.5009276437847866	1.0	1.0
scaffold_893	1.0	1.0	1.0
scaffold_570	0.7379310344827587	1.0	1.0
scaffold_206	1.0	1.0	1.0
scaffold_510	1.0	1.0	1.0
scaffold_235	1.0	1.0	1.0
scaffold_200	0.5496212121212121	0.0013737596753723518	0.9290144727773949
scaffold_1515	1.0	1.0	1.0
scaffold_305	0.8333333333333334	0.0014681561254496229	0.8764705882352941
scaffold_363	0.685981308411215	1.0	1.0
scaffold_382	0.436056838365897	0.0007389425746806067	1.0
scaffold_153	0.2155887230514096	1.0	1.0
scaffold_446	1.0	1.0	1.0
scaffold_285	0.9966286723390593	1.0	1.0
scaffold_799	1.0	1.0	1.0
scaffold_571	0.45083487940630795	1.0	1.0
scaffold_461	1.0	1.0	1.0
scaffold_427	0.8295454545454546	0.00043812990551698577	0.6198630136986302
scaffold_1434	1.0	1.0	1.0
scaffold_63	0.7015144301289358	1.0	1.0
scaffold_1100	1.0	1.0	1.0
scaffold_843	1.0	1.0	1.0
scaffold_122	0.7260051906568177	0.2663845983676567	0.9992025430626746
scaffold_39	0.44636260913186016	1.0	1.0
scaffold_8	0.4407824436482159	0.9703049701760793	1.0
scaffold_896	1.0	1.0	1.0
scaffold_545	1.0	0.0006239027916422842	1.0
scaffold_308	0.6624737945492662	1.0	1.0
scaffold_544	1.0	1.0	1.0
scaffold_240	0.6548592188919165	1.0	1.0
scaffold_2	0.572611792841933	0.13924553548693583	0.7785793454257134
scaffold_154	0.8481303671647846	0.04466081123303255	1.0
scaffold_856	1.0	0.00010929882018615373	0.3673469387755102
scaffold_764	0.9459910913140311	1.0	1.0
scaffold_380	1.0	1.0	1.0
scaffold_22	0.2192273860729359	0.316862556035505	0.5826768755061474
scaffold_684	1.0	1.0	1.0
scaffold_381	1.0	1.0	1.0
scaffold_414	1.0	0.019702138281054996	1.0
scaffold_1309	1.0	1.0	1.0
scaffold_215	0.630375377534877	0.001244198777715926	0.9815195071868583
scaffold_118	0.5587037897210306	0.022458230607082283	0.9984106025039123
scaffold_964	0.702247191011236	1.0	1.0
scaffold_1116	1.0	1.0	1.0
scaffold_229	0.5681818181818182	1.0	1.0
scaffold_58	0.5560580392470553	0.12605645022362744	0.5064374595411062
scaffold_441	0.954983922829582	1.0	1.0
scaffold_549	1.0	1.0	1.0
scaffold_1225	0.7461928934010152	1.0	1.0
scaffold_168	0.992370004369601	0.01189587842705575	0.9136973309849614
scaffold_114	0.9836054780089545	1.0	1.0
scaffold_298	1.0	1.0	1.0
scaffold_194	0.9666147556939848	0.05893497480086227	0.9962994663175914
scaffold_173	1.0	1.0	1.0
scaffold_365	0.9958134719741527	1.0	1.0
scaffold_14	0.9969596939380089	0.12784159237709553	0.5480138691262518
scaffold_56	0.6961088867048626	0.4124003171503647	0.9259338284697379
scaffold_182	0.6580040497017082	1.0	1.0
scaffold_552	1.0	1.0	1.0
scaffold_638	1.0	1.0	1.0
scaffold_543	1.0	1.0	1.0
scaffold_720	1.0	1.0	1.0
scaffold_47	0.47205759632013566	0.2377666743293983	0.8559742555581359
scaffold_128	0.8145792902689215	0.026430333573961757	0.9971921465188999
scaffold_1649	1.0	1.0	1.0
scaffold_53	0.952779779447194	0.5590006185586149	0.9267763951432846
scaffold_13	0.4175967656310033	0.15489412279508724	1.0
scaffold_157	0.5775286585866324	0.09884331420156371	1.0
scaffold_72	0.36762706377468435	1.0	1.0
scaffold_236	0.9994141168543934	1.0	1.0
scaffold_79	0.7379729750694239	1.0	1.0
scaffold_249	1.0	1.0	1.0
scaffold_152	0.9676684387544754	1.0	1.0
scaffold_172	0.8923333203191088	1.0	1.0
scaffold_34	0.495215170780695	0.16399333581353218	1.0
scaffold_37	0.4154384876794459	0.23261561613706083	1.0
scaffold_120	0.9819671140584757	0.1289988584435242	1.0
scaffold_48	0.9956664092328108	0.2092927436024072	0.9999082314228718
scaffold_27	0.3942369494338035	1.0	1.0
scaffold_158	1.0	0.052615909641718736	1.0
scaffold_1643	1.0	1.0	1.0
scaffold_342	0.4550561797752809	0.0007860511647849078	0.8069584736251403
scaffold_1075	1.0	1.0	1.0
scaffold_189	0.6264533773357168	0.02854966424447347	1.0
scaffold_877	1.0	1.0	1.0
scaffold_1574	1.0	0.0005262685393571475	1.0
scaffold_348	0.5164319248826291	1.0	1.0
scaffold_839	1.0	1.0	1.0
scaffold_1606	1.0	1.0	1.0
scaffold_130	0.9864804413738257	0.052641685891964524	1.0
scaffold_104	0.6391007059200039	0.04552922024255535	0.9991236770894524
scaffold_136	0.622305367367573	0.08663925127836856	1.0
scaffold_442	0.998901435087329	1.0	1.0
scaffold_702	1.0	1.0	1.0
scaffold_362	0.8143210062798197	0.019977349042192036	0.9958083416317361
scaffold_213	0.5577214641542126	0.0008987836926082982	0.9087378640776699
scaffold_488	1.0	1.0	1.0
scaffold_312	0.9569779643231899	1.0	1.0
scaffold_156	0.7715679127921821	0.9991758070621835	1.0
scaffold_1311	1.0	1.0	1.0
scaffold_109	0.366150110904622	1.0	1.0
scaffold_64	0.6780257227657469	1.0	1.0
scaffold_110	1.0	0.9934233696609208	1.0
scaffold_192	1.0	1.0	1.0
scaffold_1581	1.0	1.0	1.0
scaffold_433	0.6135265700483091	1.0	1.0
scaffold_881	1.0	1.0	1.0
scaffold_1313	0.6656534954407295	1.0	1.0
scaffold_147	0.5027678129638793	0.01331088856475339	0.9980009226510841
scaffold_1186	1.0	1.0	1.0
scaffold_376	0.45394736842105265	1.0	1.0
scaffold_187	0.5648035930705069	0.019157566805641478	0.9990743662564426
scaffold_46	0.4017784066475231	0.014071204775552066	0.9943721299589131
scaffold_908	1.0	1.0	1.0
scaffold_747	1.0	1.0	1.0
scaffold_754	0.51953125	1.0	1.0
scaffold_1279	1.0	1.0	1.0
scaffold_963	0.5075757575757576	1.0	1.0
scaffold_38	0.9861819696271066	0.09672953167103614	1.0
scaffold_105	0.8694273618926499	0.020617347143229544	0.9463992305534404
scaffold_138	0.9965486024669006	1.0	1.0
scaffold_188	0.6444774095108926	1.0	1.0
scaffold_216	0.986759964327365	0.044232167216288656	0.9992630700778643
scaffold_401	0.5116279069767442	1.0	1.0
scaffold_469	1.0	1.0	1.0
scaffold_24	0.46635236621757115	0.1395005627121095	1.0
scaffold_476	0.7157894736842105	1.0	1.0
scaffold_586	0.8150572831423896	1.0	1.0
scaffold_707	1.0	1.0	1.0
scaffold_1297	1.0	1.0	1.0
scaffold_284	0.9492957746478873	1.0	1.0
scaffold_594	1.0	1.0	1.0
scaffold_372	0.7997379340467351	1.0	1.0
scaffold_438	0.7642276422764228	1.0	1.0
scaffold_1037	1.0	1.0	1.0
scaffold_1180	1.0	1.0	1.0
scaffold_261	0.5890529973935708	0.003339514883744985	0.9830383480825958
scaffold_62	0.4129258768315838	1.0	1.0
scaffold_399	1.0	1.0	1.0
scaffold_614	0.9494047619047619	1.0	1.0
scaffold_661	1.0	1.0	1.0
scaffold_616	1.0	1.0	1.0
scaffold_141	0.5140771637122002	1.0	1.0
scaffold_501	0.4990403071017274	1.0	1.0
scaffold_705	0.6039603960396039	1.0	1.0
scaffold_947	1.0	1.0	1.0
scaffold_451	0.6910179640718563	1.0	1.0
scaffold_1356	1.0	1.0	1.0
scaffold_1123	1.0	1.0	1.0
scaffold_31	0.9471660096730639	0.7083557816656958	1.0
scaffold_89	0.6211096718187306	0.06097864662054638	0.7178812430390251
scaffold_566	1.0	1.0	1.0
scaffold_10	0.5062270255049415	0.189079905251413	1.0
scaffold_920	1.0	1.0	1.0
scaffold_239	0.46179401993355484	0.0002940958667893829	1.0
scaffold_564	0.4588235294117647	1.0	1.0
scaffold_11	0.8847505289304266	0.9939738000428623	0.9999472316995764
scaffold_1163	1.0	1.0	1.0
scaffold_1036	1.0	1.0	1.0
scaffold_1443	1.0	1.0	1.0
scaffold_69	0.3499459589287859	1.0	1.0
scaffold_1168	1.0	1.0	1.0
scaffold_453	0.6605129880738442	1.0	1.0
scaffold_385	0.9693169690501601	1.0	1.0
scaffold_771	1.0	1.0	1.0
scaffold_519	0.4192825112107623	1.0	1.0
scaffold_18	0.46821699777755804	1.0	1.0
scaffold_9	0.5673098897331886	1.0	1.0
scaffold_1040	1.0	1.0	1.0
scaffold_1113	1.0	1.0	1.0
scaffold_1497	1.0	1.0	1.0
scaffold_531	0.46120689655172414	0.0007177868016672331	0.5420560747663551
scaffold_1480	1.0	1.0	1.0
scaffold_1018	1.0	1.0	1.0
scaffold_499	1.0	0.6660605610805996	0.9947629394395231
scaffold_1466	1.0	1.0	1.0
scaffold_988	1.0	1.0	1.0
scaffold_1111	0.45537757437070936	1.0	1.0
scaffold_675	1.0	1.0	1.0
scaffold_373	1.0	1.0	1.0
scaffold_622	0.4495798319327731	1.0	1.0
scaffold_25	0.999710580862536	0.2678092938397355	0.9719115225511065
scaffold_949	0.5245901639344263	1.0	1.0
scaffold_1211	0.4233128834355828	0.00026524995002537175	1.0
scaffold_1352	0.8471910112359551	1.0	1.0
scaffold_339	0.7167104465548596	1.0	1.0
scaffold_700	1.0	1.0	1.0
scaffold_214	0.9613938330408623	1.0	1.0
scaffold_146	0.7919152542372881	1.0	1.0
scaffold_854	1.0	1.0	1.0
scaffold_426	1.0	1.0	1.0
scaffold_1638	1.0	1.0	1.0
scaffold_891	0.7286821705426356	1.0	1.0
scaffold_1323	1.0	1.0	1.0
scaffold_1505	0.603448275862069	1.0	1.0
scaffold_1066	1.0	1.0	1.0
scaffold_1019	1.0	1.0	1.0
scaffold_1451	1.0	1.0	1.0
scaffold_529	1.0	1.0	1.0
scaffold_1165	1.0	1.0	1.0
scaffold_413	0.5571428571428572	1.0	1.0
scaffold_90	1.0	0.965508675348406	0.9899570896972104
scaffold_12	0.7218301807313502	1.0	1.0
scaffold_7	0.5854118847232849	0.9013251438396931	0.9820648161311181
scaffold_1270	1.0	1.0	1.0
scaffold_66	0.5884436365823423	0.6617243685606715	1.0
scaffold_131	0.635856148293683	0.12743902960990935	0.9958891135397285
scaffold_1010	1.0	1.0	1.0
scaffold_123	0.6509695175520774	1.0	1.0
scaffold_139	0.8886507459928865	1.0	1.0
scaffold_41	0.5358839817425497	0.10419851400660146	1.0
scaffold_694	1.0	1.0	1.0
scaffold_1341	1.0	1.0	1.0
scaffold_179	0.9705829109341058	1.0	1.0
scaffold_103	0.6895572681039593	0.03728069065680207	1.0
scaffold_163	1.0	0.08325116033294744	0.9973733939728208
scaffold_133	0.7980972931153804	0.1318285920805404	0.9992313168337826
scaffold_180	0.9936178319679939	1.0	1.0
scaffold_73	1.0	0.9864738488048401	1.0
scaffold_21	0.5784920868966873	0.6057678451163597	0.5920645709430756
scaffold_232	0.9240625467924447	1.0	1.0
scaffold_733	1.0	1.0	1.0
scaffold_836	1.0	0.03760404280618312	0.8656126482213439
scaffold_78	0.8119495868150132	0.23651241137326856	0.7312499004983045
scaffold_209	0.9979399899451891	0.9736212465605933	1.0
scaffold_92	0.8846951726552584	0.42561888345507937	1.0
scaffold_6	0.34723474508292035	1.0	1.0
scaffold_98	0.5711924644297051	0.2937077946326993	0.9997338819027022
scaffold_706	0.4883177570093458	0.000287042174598553	0.6985645933014354
scaffold_237	0.5392472452643308	0.008792834914549715	1.0
scaffold_107	0.5936104933361471	0.07414699626294434	0.8132320982533342
scaffold_847	1.0	1.0	1.0
scaffold_310	0.9970543410048539	0.2598775570154356	0.9792680890418877
scaffold_242	0.8032271297689046	0.020562870960458307	0.9920837589376915
scaffold_273	0.7944208174151229	1.0	1.0
scaffold_254	0.8895040108462321	1.0	1.0
scaffold_458	1.0	1.0	1.0
scaffold_567	1.0	0.00020996131112906928	1.0
scaffold_134	0.9995809729047285	0.6237799949739529	1.0
scaffold_794	0.5034965034965035	1.0	1.0
scaffold_712	0.5031446540880503	0.00018252234472767095	0.6625
scaffold_1403	1.0	1.0	1.0
scaffold_895	1.0	1.0	1.0
scaffold_1454	1.0	1.0	1.0
scaffold_291	0.9776643267389917	0.004463830444372573	0.9728024369016536
scaffold_459	1.0	1.0	1.0
scaffold_171	0.9991821009244412	0.9634272254188306	0.9996068716678335
scaffold_512	1.0	1.0	1.0
scaffold_297	0.5303370786516854	0.00013153260002051018	0.7288135593220338
scaffold_340	0.7593220338983051	1.0	1.0
scaffold_1110	1.0	1.0	1.0
scaffold_208	0.8936070197430273	0.010938929584596883	1.0
scaffold_1166	0.43790849673202614	1.0	1.0
